Selection	View	Channel	Begin Time (s)	End Time (s)	Low Freq (Hz)	High Freq (Hz)	Center Freq (Hz)	Delta Time (s)	Dur 90% (s)	Freq 95% (Hz)	Time 95% Rel.	BW 90% (Hz)	Sequence
1	Spectrogram 1	1	3189.624144367	3190.074192304	141.421	487.118	281.250	0.4500	0.3573	375.000	0.8795	187.500	bm
2	Spectrogram 1	1	3190.542992239	3190.899280190	179.496	538.489	281.250	0.3563	0.2613	375.000	0.8636	187.500	bm
3	Spectrogram 1	1	3190.716448215	3190.880528192	669.032	1044.342	843.750	0.1641	0.1013	1031.250	0.8667	281.250	bk
4	Spectrogram 1	1	3191.305701896	3191.630563677	146.861	522.171	281.250	0.3249	0.2293	375.000	0.8333	187.500	bm
5	Spectrogram 1	1	3191.590784683	3192.379734722	554.807	1060.660	843.750	0.7890	0.5867	937.500	0.9524	281.250	us
6	Spectrogram 1	1	3192.406254051	3193.059292529	146.861	538.489	281.250	0.6530	0.5653	375.000	0.9421	187.500	bm
7	Spectrogram 1	1	3192.500729161	3192.616751225	554.807	1028.024	750.000	0.1160	0.0907	937.500	0.9048	281.250	bk
8	Spectrogram 1	1	3192.734430748	3192.828905858	505.853	1011.707	656.250	0.0945	0.0693	843.750	0.8235	281.250	bk
9	Spectrogram 1	1	3192.903491471	3193.034430658	538.489	979.071	750.000	0.1309	0.1067	843.750	0.9565	281.250	bk
10	Spectrogram 1	1	3193.094099148	3193.548242658	163.178	571.125	375.000	0.4541	0.3947	562.500	0.8929	375.000	bm
11	Spectrogram 1	1	3193.148795264	3193.278076993	522.171	979.071	656.250	0.1293	0.1173	843.750	0.9565	281.250	bk
12	Spectrogram 1	1	3193.359292438	3193.515093497	456.900	946.435	656.250	0.1558	0.1227	843.750	0.8621	375.000	bk
13	Spectrogram 1	1	3193.578076903	3193.941060219	163.178	473.218	375.000	0.3630	0.3147	375.000	0.9104	187.500	bm
14	Spectrogram 1	1	3193.619513355	3193.806806116	456.900	815.892	656.250	0.1873	0.1547	750.000	0.9412	281.250	bk
15	Spectrogram 1	1	3193.861502232	3193.959292258	489.535	930.117	656.250	0.0978	0.0800	843.750	0.8824	281.250	bk
16	Spectrogram 1	1	3193.982496671	3194.328905406	130.543	456.900	281.250	0.3464	0.2933	375.000	0.9062	187.500	bm
17	Spectrogram 1	1	3194.080286697	3194.239402671	505.853	946.435	750.000	0.1591	0.1173	843.750	0.8929	281.250	bk
18	Spectrogram 1	1	3194.305700994	3194.458187135	456.900	946.435	656.250	0.1525	0.1227	843.750	0.8889	281.250	bk
19	Spectrogram 1	1	3194.415093226	3194.562606994	195.814	473.218	281.250	0.1475	0.1120	375.000	0.8519	93.750	bm
20	Spectrogram 1	1	3194.542717497	3194.657082103	489.535	913.800	750.000	0.1144	0.0800	843.750	0.8571	281.250	bk
21	Spectrogram 1	1	3194.633877690	3194.855977071	146.861	440.582	281.250	0.2221	0.1867	375.000	0.9512	187.500	bm
22	Spectrogram 1	1	3194.731667716	3194.867579278	391.628	848.528	656.250	0.1359	0.0960	750.000	0.8750	187.500	bk
23	Spectrogram 1	1	3194.920617936	3195.083048826	114.225	456.900	281.250	0.1624	0.1173	375.000	0.8667	187.500	bm
24	Spectrogram 1	1	3195.025037794	3195.182496310	407.946	913.800	656.250	0.1575	0.1120	750.000	0.8571	187.500	bk
25	Spectrogram 1	1	3195.129457652	3195.275313961	130.543	473.218	281.250	0.1459	0.1227	375.000	0.8519	187.500	bm
26	Spectrogram 1	1	3195.250452091	3195.386363652	440.582	913.800	656.250	0.1359	0.1120	843.750	0.9167	375.000	bk
27	Spectrogram 1	1	3195.361501781	3195.586916078	146.861	440.582	281.250	0.2254	0.1867	375.000	0.9268	187.500	bm
28	Spectrogram 1	1	3195.426142645	3195.598518284	440.582	864.846	656.250	0.1724	0.1493	750.000	0.9677	187.500	bk
29	Spectrogram 1	1	3195.648242026	3195.920065149	114.225	473.218	281.250	0.2718	0.2453	468.750	0.9400	281.250	bm
30	Spectrogram 1	1	3195.759291716	3196.009567884	522.171	815.892	656.250	0.2503	0.2027	750.000	0.8913	187.500	bk
31	Spectrogram 1	1	3196.002938052	3196.140507071	163.178	456.900	281.250	0.1376	0.0907	375.000	0.8000	187.500	bm
32	Spectrogram 1	1	3196.105700452	3196.395755613	440.582	946.435	656.250	0.2901	0.2453	843.750	0.9444	281.250	bk
33	Spectrogram 1	1	3196.371691489	3196.549835465	146.861	440.582	281.250	0.1781	0.1653	375.000	1.0000	187.500	bm
34	Spectrogram 1	1	3196.456075478	3196.627187454	473.218	864.846	656.250	0.1711	0.1547	750.000	0.9677	187.500	bk
35	Spectrogram 1	1	3196.606091457	3196.784235432	163.178	473.218	281.250	0.1781	0.1440	375.000	0.8788	187.500	bm
36	Spectrogram 1	1	3196.730323440	3196.896747417	473.218	930.117	750.000	0.1664	0.1493	843.750	0.9677	281.250	bk
37	Spectrogram 1	1	3196.814707428	3196.999883402	163.178	456.900	281.250	0.1852	0.1493	375.000	0.9118	187.500	bm
38	Spectrogram 1	1	3196.978787405	3197.182715377	473.218	848.528	656.250	0.2039	0.1600	750.000	0.9189	187.500	bk
39	Spectrogram 1	1	3197.112395387	3197.335075356	114.225	424.264	281.250	0.2227	0.1813	375.000	0.8537	187.500	bm
40	Spectrogram 1	1	3197.203811374	3197.370235351	456.900	848.528	656.250	0.1664	0.1333	843.750	0.9000	375.000	bk
41	Spectrogram 1	1	3197.417115344	3197.904667277	163.178	489.535	281.250	0.4876	0.4053	375.000	0.9341	187.500	bm
42	Spectrogram 1	1	3197.531971328	3197.696051306	489.535	946.435	750.000	0.1641	0.1173	843.750	0.8333	281.250	bk
43	Spectrogram 1	1	3197.724179302	3197.932795273	424.264	897.482	656.250	0.2086	0.1387	750.000	0.8421	187.500	bk
44	Spectrogram 1	1	3197.930451273	3198.110939248	179.496	424.264	281.250	0.1805	0.1440	375.000	0.9091	187.500	bm
45	Spectrogram 1	1	3197.965611268	3198.174227239	473.218	913.800	656.250	0.2086	0.1707	750.000	0.8947	187.500	bk
46	Spectrogram 1	1	3198.239859230	3198.849299145	130.543	473.218	281.250	0.6094	0.5120	375.000	0.9035	187.500	bm
47	Spectrogram 1	1	3198.249235229	3198.413315206	505.853	946.435	656.250	0.1641	0.1387	843.750	0.9000	281.250	bk
48	Spectrogram 1	1	3198.471915198	3198.647715173	489.535	946.435	750.000	0.1758	0.1440	843.750	0.9375	281.250	bk
