Selection	View	Channel	Begin Time (s)	End Time (s)	Low Freq (Hz)	High Freq (Hz)	Center Freq (Hz)	Delta Time (s)	Dur 90% (s)	Freq 95% (Hz)	Time 95% Rel.	BW 90% (Hz)	Sequence
1	Spectrogram 1	1	498.640623183	499.194046987	91.116	546.694	344.531	0.5534	0.3367	430.664	0.7340	172.266	bm
2	Spectrogram 1	1	500.667838638	500.818225542	68.337	478.357	258.398	0.1504	0.0871	344.531	0.8000	172.266	bm
3	Spectrogram 1	1	501.597429342	501.863278340	113.895	501.136	344.531	0.2658	0.2032	430.664	0.8889	172.266	bm
5	Spectrogram 1	1	501.865405132	501.956857187	501.136	1047.831	861.328	0.0915	0.0580	947.461	1.0000	258.398	bk
4	Spectrogram 1	1	501.869658716	502.586387614	546.694	1138.946	861.328	0.7167	0.5689	947.461	0.8862	258.398	us
6	Spectrogram 1	1	502.148268466	502.220579393	113.895	478.357	258.398	0.0723	0.0348	344.531	0.7500	172.266	bm
7	Spectrogram 1	1	502.205691849	502.318411824	432.800	842.820	689.062	0.1127	0.0639	775.195	0.8421	172.266	bk
9	Spectrogram 1	1	502.558739318	502.639557413	615.031	1116.167	775.195	0.0808	0.0348	947.461	0.7692	258.398	bk
8	Spectrogram 1	1	502.567246486	502.662952125	113.895	455.579	258.398	0.0957	0.0464	344.531	0.7333	86.133	bm
10	Spectrogram 1	1	502.652318165	502.737389844	387.242	888.378	689.062	0.0851	0.0639	861.328	1.0000	258.398	bk
11	Spectrogram 1	1	502.696980797	502.784179268	501.136	1025.052	775.195	0.0872	0.0639	861.328	0.7857	258.398	bk
12	Spectrogram 1	1	502.858616987	502.958576211	364.463	1025.052	775.195	0.1000	0.0639	861.328	0.8750	258.398	bk
13	Spectrogram 1	1	503.037267514	503.124465985	387.242	1025.052	775.195	0.0872	0.0639	861.328	0.9286	344.531	bk
14	Spectrogram 1	1	503.177635785	503.269087840	68.337	478.357	258.398	0.0915	0.0464	344.531	0.7857	86.133	bm
15	Spectrogram 1	1	503.247819920	503.341398767	455.579	1002.273	775.195	0.0936	0.0639	861.328	0.8000	258.398	bk
16	Spectrogram 1	1	503.459019562	503.552259442	364.463	979.494	775.195	0.0932	0.0580	861.328	0.8667	344.531	bk
17	Spectrogram 1	1	503.910180272	503.994396938	113.895	501.136	258.398	0.0842	0.0580	344.531	0.9231	86.133	bm
19	Spectrogram 1	1	503.985373724	504.084629080	91.116	501.136	344.531	0.0993	0.0639	430.664	0.8125	172.266	bm
18	Spectrogram 1	1	503.991389200	504.084629080	501.136	865.599	689.062	0.0932	0.0639	775.195	0.9333	172.266	bk
20	Spectrogram 1	1	504.081621342	504.201930864	364.463	911.157	689.062	0.1203	0.0813	775.195	0.8500	258.398	bk
21	Spectrogram 1	1	504.559851694	504.686176693	113.895	523.915	344.531	0.1263	0.0580	430.664	0.6667	172.266	bm
22	Spectrogram 1	1	504.650083836	504.773401097	410.021	888.378	689.062	0.1233	0.0755	775.195	0.8571	258.398	bk
23	Spectrogram 1	1	505.230577282	505.365925495	113.895	546.694	344.531	0.1353	0.0755	430.664	0.7826	172.266	bm
24	Spectrogram 1	1	505.329832638	505.435103471	432.800	933.936	689.062	0.1053	0.0755	775.195	0.9444	258.398	bk
25	Spectrogram 1	1	506.057312127	506.184919646	113.895	501.136	344.531	0.1276	0.0755	430.664	0.8095	172.266	bm
26	Spectrogram 1	1	506.146637391	506.276371702	432.800	979.494	689.062	0.1297	0.0929	775.195	0.9091	258.398	bk
27	Spectrogram 1	1	506.846351953	506.959071928	113.895	523.915	344.531	0.1127	0.0580	430.664	0.7222	172.266	bm
28	Spectrogram 1	1	506.937804008	507.035636439	410.021	979.494	689.062	0.0978	0.0697	775.195	0.9375	258.398	bk
29	Spectrogram 1	1	507.033509647	507.110074158	113.895	478.357	344.531	0.0766	0.0464	430.664	0.8333	172.266	bm
30	Spectrogram 1	1	507.107947366	507.201526214	501.136	933.936	689.062	0.0936	0.0639	775.195	0.9333	172.266	bk
31	Spectrogram 1	1	507.594982730	507.728970625	113.895	592.252	344.531	0.1340	0.0755	430.664	0.7727	172.266	bm
32	Spectrogram 1	1	507.701322329	507.782140424	432.800	1002.273	689.062	0.0808	0.0639	775.195	0.9231	258.398	bk
33	Spectrogram 1	1	508.381895763	508.513756866	136.674	501.136	344.531	0.1319	0.0697	430.664	0.7273	172.266	bm
34	Spectrogram 1	1	508.479728194	508.569053458	432.800	933.936	689.062	0.0893	0.0580	775.195	0.9286	172.266	bk
35	Spectrogram 1	1	509.213471428	509.368727243	68.337	501.136	344.531	0.1553	0.0929	430.664	0.8077	172.266	bm
36	Spectrogram 1	1	509.283655563	509.370854035	501.136	865.599	689.062	0.0872	0.0522	775.195	1.0000	172.266	bk
37	Spectrogram 1	1	509.355966491	509.449545338	410.021	888.378	689.062	0.0936	0.0697	775.195	0.8667	258.398	bk
38	Spectrogram 1	1	509.981354078	510.071586220	91.116	432.800	258.398	0.0902	0.0464	344.531	0.8571	86.133	bm
39	Spectrogram 1	1	510.053539791	510.143771933	478.357	865.599	689.062	0.0902	0.0522	775.195	0.9333	172.266	bk
40	Spectrogram 1	1	510.155802885	510.267089194	159.452	501.136	344.531	0.1113	0.0580	430.664	0.7778	172.266	bm
41	Spectrogram 1	1	510.243027289	510.327243955	523.915	956.715	775.195	0.0842	0.0464	861.328	0.9231	258.398	bk
42	Spectrogram 1	1	510.853598116	510.958868949	91.116	523.915	258.398	0.1053	0.0580	344.531	0.8235	86.133	bm
43	Spectrogram 1	1	510.937814782	511.037070138	455.579	865.599	689.062	0.0993	0.0639	775.195	0.9375	172.266	bk
44	Spectrogram 1	1	511.401006444	511.518308229	113.895	569.473	344.531	0.1173	0.0639	430.664	0.8000	172.266	bm
45	Spectrogram 1	1	511.513105879	511.589670390	501.136	933.936	775.195	0.0766	0.0580	861.328	1.0000	258.398	bk
46	Spectrogram 1	1	511.591797182	511.672615278	113.895	432.800	258.398	0.0808	0.0522	430.664	0.7692	172.266	bm
47	Spectrogram 1	1	511.659854526	511.736419037	478.357	956.715	689.062	0.0766	0.0522	775.195	0.9167	172.266	bk
48	Spectrogram 1	1	511.812983548	511.908689188	136.674	546.694	344.531	0.0957	0.0522	430.664	0.8125	172.266	bm
49	Spectrogram 1	1	511.895928436	511.974619739	364.463	933.936	689.062	0.0787	0.0522	775.195	0.9167	258.398	bk
50	Spectrogram 1	1	511.987380491	512.051184250	91.116	432.800	258.398	0.0638	0.0406	344.531	0.9000	86.133	bm
51	Spectrogram 1	1	512.049057458	512.127748762	410.021	911.157	689.062	0.0787	0.0522	775.195	0.9231	258.398	bk
52	Spectrogram 1	1	512.231961569	512.348935128	113.895	523.915	344.531	0.1170	0.0639	430.664	0.8000	172.266	bm
53	Spectrogram 1	1	512.323413624	512.402104927	455.579	933.936	689.062	0.0787	0.0639	775.195	1.0000	258.398	bk
54	Spectrogram 1	1	512.684968261	512.761532772	91.116	501.136	258.398	0.0766	0.0464	344.531	0.8462	86.133	bm
55	Spectrogram 1	1	512.759405980	512.838097283	501.136	911.157	689.062	0.0787	0.0464	775.195	0.9231	172.266	bk
56	Spectrogram 1	1	512.761532772	512.857238411	113.895	455.579	344.531	0.0957	0.0580	430.664	0.7333	172.266	bm
57	Spectrogram 1	1	512.835970491	512.938056507	410.021	888.378	689.062	0.1021	0.0755	775.195	0.8750	258.398	bk
58	Spectrogram 1	1	513.280470016	513.365541695	136.674	592.252	344.531	0.0851	0.0522	430.664	0.9286	172.266	bm
59	Spectrogram 1	1	513.363414903	513.454866958	455.579	979.494	689.062	0.0915	0.0580	775.195	0.9333	258.398	bk
60	Spectrogram 1	1	513.380429239	513.467627710	136.674	455.579	344.531	0.0872	0.0639	430.664	0.8571	172.266	bm
61	Spectrogram 1	1	513.459120542	513.548445805	455.579	888.378	689.062	0.0893	0.0580	775.195	0.9286	258.398	bk
62	Spectrogram 1	1	513.835562723	513.969550618	136.674	546.694	344.531	0.1340	0.0697	430.664	0.7273	172.266	bm
63	Spectrogram 1	1	513.933395154	514.026974001	501.136	956.715	689.062	0.0936	0.0639	775.195	0.8667	258.398	bk
64	Spectrogram 1	1	514.020593625	514.099284928	113.895	478.357	344.531	0.0787	0.0464	430.664	0.8333	172.266	bm
65	Spectrogram 1	1	514.086524177	514.188610192	478.357	865.599	689.062	0.1021	0.0639	775.195	0.8824	172.266	bk
66	Spectrogram 1	1	514.528896909	514.652250844	136.674	546.694	344.531	0.1234	0.0639	430.664	0.7500	172.266	bm
67	Spectrogram 1	1	514.628856132	514.726688563	478.357	911.157	689.062	0.0978	0.0639	775.195	0.9375	258.398	bk
68	Spectrogram 1	1	514.699040267	514.769224403	91.116	432.800	344.531	0.0702	0.0406	430.664	0.8333	172.266	bm
69	Spectrogram 1	1	514.769224403	514.847915706	455.579	933.936	689.062	0.0787	0.0522	775.195	1.0000	172.266	bk
70	Spectrogram 1	1	515.277527686	515.371106533	136.674	455.579	344.531	0.0936	0.0580	430.664	0.8667	172.266	bm
71	Spectrogram 1	1	515.360472573	515.447671045	410.021	979.494	689.062	0.0872	0.0639	775.195	1.0000	258.398	bk
72	Spectrogram 1	1	515.709266458	515.817732849	159.452	546.694	344.531	0.1085	0.0580	516.797	0.9444	258.398	bm
73	Spectrogram 1	1	515.811352474	515.896424153	455.579	956.715	689.062	0.0851	0.0580	775.195	0.9286	258.398	bk
74	Spectrogram 1	1	516.049553175	516.143132023	136.674	523.915	344.531	0.0936	0.0580	516.797	0.9333	258.398	bm
75	Spectrogram 1	1	516.115483727	516.209062574	455.579	865.599	689.062	0.0936	0.0755	775.195	0.8750	258.398	bk
76	Spectrogram 1	1	516.302641421	516.383459517	159.452	569.473	344.531	0.0808	0.0522	516.797	0.8462	258.398	bm
77	Spectrogram 1	1	516.372825557	516.451516860	455.579	865.599	689.062	0.0787	0.0522	775.195	1.0000	258.398	bk
78	Spectrogram 1	1	516.594011923	516.670576434	159.452	615.031	344.531	0.0766	0.0580	602.930	0.9167	344.531	bm
79	Spectrogram 1	1	516.672703226	516.745014153	432.800	956.715	689.062	0.0723	0.0348	775.195	0.8333	258.398	bk
80	Spectrogram 1	1	517.059779367	517.142724254	136.674	615.031	344.531	0.0829	0.0522	430.664	0.8462	172.266	bm
81	Spectrogram 1	1	517.136343878	517.229922725	410.021	956.715	689.062	0.0936	0.0580	775.195	0.9333	258.398	bk
82	Spectrogram 1	1	517.497691501	517.584915905	91.116	432.800	258.398	0.0872	0.0522	344.531	0.8571	86.133	bm
83	Spectrogram 1	1	517.560854000	517.678155785	432.800	820.041	689.062	0.1173	0.0639	775.195	0.8500	172.266	bk
84	Spectrogram 1	1	517.666124833	517.741318284	113.895	478.357	344.531	0.0752	0.0522	430.664	0.9167	172.266	bm
85	Spectrogram 1	1	517.741318284	517.825534950	410.021	933.936	689.062	0.0842	0.0580	775.195	1.0000	258.398	bk
86	Spectrogram 1	1	518.159393875	518.246618279	136.674	478.357	344.531	0.0872	0.0580	344.531	0.8571	86.133	bm
87	Spectrogram 1	1	518.219548636	518.330834945	501.136	865.599	689.062	0.1113	0.0522	775.195	0.8889	172.266	bk
88	Spectrogram 1	1	518.303765302	518.390989706	136.674	501.136	344.531	0.0872	0.0522	430.664	0.7857	172.266	bm
89	Spectrogram 1	1	518.366927802	518.469190896	455.579	933.936	689.062	0.1023	0.0639	775.195	0.8824	172.266	bk
90	Spectrogram 1	1	518.914341974	518.984526110	68.337	523.915	258.398	0.0702	0.0522	344.531	1.0000	86.133	bm
91	Spectrogram 1	1	518.982399318	519.061090621	136.674	501.136	344.531	0.0787	0.0639	430.664	0.8462	172.266	bm
92	Spectrogram 1	1	518.988779694	519.067470997	501.136	888.378	689.062	0.0787	0.0464	775.195	0.9231	172.266	bk
93	Spectrogram 1	1	519.063217413	519.161049844	410.021	888.378	689.062	0.0978	0.0639	775.195	0.8750	258.398	bk
94	Spectrogram 1	1	519.745917639	519.848003654	113.895	523.915	344.531	0.1021	0.0639	430.664	0.8125	172.266	bm
95	Spectrogram 1	1	519.835242902	519.943709294	432.800	956.715	689.062	0.1085	0.0580	775.195	0.7778	172.266	bk
96	Spectrogram 1	1	520.356306938	520.471153705	68.337	455.579	258.398	0.1148	0.0639	344.531	0.7895	86.133	bm
97	Spectrogram 1	1	520.439251825	520.532830672	432.800	888.378	689.062	0.0936	0.0464	775.195	0.8000	172.266	bk
98	Spectrogram 1	1	521.143070035	521.278418248	113.895	432.800	258.398	0.1353	0.0755	344.531	0.7727	86.133	bm
99	Spectrogram 1	1	521.236309915	521.353611700	432.800	888.378	689.062	0.1173	0.0406	775.195	0.6316	172.266	bk
100	Spectrogram 1	1	522.252925381	522.475497998	68.337	501.136	258.398	0.2226	0.1219	344.531	0.7027	172.266	bm
101	Spectrogram 1	1	523.489105725	523.997413458	68.337	501.136	344.531	0.5083	0.3367	430.664	0.7907	172.266	bm
